12
18
12
12
12
12
18
12
12
12
10
12
18
12
4
12
17
12
12
2
18
18
18
12
18
10
6
8
18
18
12
18
18
12
12
18
12
12
18
12
18
12
18
18
8
12
18
18
18
18
12
18
18
18
18
18
18
18
12
18
18
18
4
17
12
12
12
12
4
12
12
12
12
17
17
8
12
12
12
12
12
12
8
8
12
8
8
12
18
8
12
10
8
12
18
12
12
12
12
12
12
12
8
18
18
12
12
8
12
12
12
12
18
10
12
18
12
12
8
8
18
12
18
12
18
10
10
7
5
18
12
10
5
17
12
7
9
9
12
8
18
12
12
12
12
4
12
12
12
12
12
12
12
12
12
12
12
12
12
12
12
12
4
12
18
12
12
12
12
12
4
12
12
12
12
17
16
12
12
6
18
12
12
12
10
10
10
10
10
10
6
12
12
10
12
12
12
18
18
12
12
12
12
12
18
12
18
8
4
12
12
12
12
12
12
12
18
18
12
12
12
12
18
12
12
17
12
12
12
9
10
10
18
18
12
12
12
8
8
12
8
18
12
12
12
12
12
12
12
12
4
4
12
12
12
12
18
12
12
12
12
12
12
12
18
12
12
12
12
12
12
12
18
12
12
12
12
17
12
12
18
18
18
12
12
12
12
12
12
12
12
10
12
12
18
18
12
12
12
12
12
12
12
12
18
12
12
12
12
12
12
12
12
12
12
18
12
18
9
18
18
12
12
12
12
10
12
12
12
12
9
12
17
12
18
12
4
10
10
10
10
18
12
18
18
12
10
10
18
10
18
12
18
18
18
18
12
12
12
12
18
12
18
12
18
18
12
12
10
12
12
12
12
12
10
10
18
9
12
12
10
18
12
18
12
12
10
12
12
12
12
12
12
12
12
12
12
18
18
12
18
18
18
18
18
18
18
18
12
12
12
12
8
18
10
12
18
12
12
12
12
18
18
12
12
18
8
8
18
18
12
12
18
18
18
8
8
8
8
8
8
18
18
18
18
18
18
17
15
15
15
15
15
12
12
4
15
12
12
18
18
4
12
12
12
18
12
12
18
1
12
12
9
10
10
10
10
12
12
17
10
12
12
12
12
18
18
12
12
12
12
12
12
12
12
12
10
12
18
18
12
9
12
12
12
12
10
12
5
12
10
17
18
12
7
12
12
12
12
12
8
18
12
12
18
18
12
18
12
18
12
8
12
12
8
18
12
12
12
18
12
18
12
12
12
18
12
12
12
18
18
18
8
12
18
